300.0	1.3339	5.5000000000000004e-09
350.0	1.3249	3.77e-09
400.0	1.3194	2.7100000000000004e-09
410.0	1.3185	2.51e-09
420.0	1.3177	2.26e-09
430.0	1.317	2.0800000000000003e-09
440.0	1.3163	1.9100000000000002e-09
450.0	1.3157	1.54e-09
460.0	1.3151	1.5299999999999999e-09
470.0	1.3145	1.55e-09
480.0	1.314	1.6399999999999997e-09
490.0	1.3135	1.7800000000000003e-09
500.0	1.3130000000000002	1.9100000000000002e-09
510.0	1.3126	2.14e-09
520.0	1.3122	2.26e-09
530.0	1.3118	2.54e-09
540.0	1.3114	2.93e-09
550.0	1.311	3.11e-09
560.0	1.3106	3.2899999999999996e-09
570.0	1.3103	3.5200000000000003e-09
580.0	1.31	4.04e-09
590.0	1.3097	4.88e-09
600.0	1.3094	5.73e-09
610.0	1.3091	6.890000000000001e-09
620.0	1.3088	8.58e-09
630.0	1.3085	1.04e-08
640.0	1.3083	1.22e-08
650.0	1.308	1.4299999999999999e-08
660.0	1.3078	1.66e-08
670.0	1.3076	1.89e-08
680.0	1.3073	2.09e-08
690.0	1.3071	2.4e-08
700.0	1.3069	2.8999999999999998e-08
710.0	1.3067	3.44e-08
720.0	1.3065	4.0300000000000004e-08
730.0	1.3062	4.3e-08
740.0	1.306	4.92e-08
750.0	1.3058	5.87e-08
760.0	1.3057	7.08e-08
770.0	1.3055	8.58e-08
780.0	1.3053	1.0199999999999999e-07
790.0	1.3051	1.1800000000000001e-07
800.0	1.3049	1.34e-07
810.0	1.3047	1.4e-07
820.0	1.3045	1.43e-07
830.0	1.3044	1.45e-07
840.0	1.3042	1.51e-07
850.0	1.304	1.83e-07
860.0	1.3038	2.15e-07
870.0	1.3037	2.65e-07
880.0	1.3035	3.35e-07
890.0	1.3033	3.92e-07
900.0	1.3032	4.2e-07
910.0	1.3030000000000002	4.44e-07
920.0	1.3028	4.74e-07
930.0	1.3027	5.110000000000001e-07
940.0	1.3025	5.529999999999999e-07
950.0	1.3023	6.02e-07
960.0	1.3022	7.55e-07
970.0	1.3019999999999998	9.259999999999999e-07
980.0	1.3018	1.12e-06
990.0	1.3017	1.33e-06
1000.0	1.3015	1.62e-06
1010.0	1.3013	2e-06
1020.0	1.3012	2.25e-06
1030.0	1.301	2.33e-06
1040.0	1.3008	2.33e-06
1050.0	1.3006	2.17e-06
1060.0	1.3005	1.96e-06
1070.0	1.3003	1.81e-06
1080.0	1.3001	1.74e-06
1090.0	1.3	1.73e-06
1100.0	1.2998	1.7e-06
1110.0	1.2996	1.76e-06
1120.0	1.2995	1.82e-06
1130.0	1.2993	2.04e-06
1140.0	1.2991	2.25e-06
1150.0	1.2989	2.29e-06
1160.0	1.2987	3.04e-06
1170.0	1.2985	3.84e-06
1180.0	1.2984	4.77e-06
1190.0	1.2982	5.76e-06
1200.0	1.298	6.71e-06
1210.0	1.2978	8.66e-06
1220.0	1.2976	1.0199999999999999e-05
1230.0	1.2974	1.13e-05
1240.0	1.2972	1.22e-05
1250.0	1.297	1.29e-05
1260.0	1.2969	1.32e-05
1270.0	1.2967	1.3500000000000001e-05
1280.0	1.2965	1.3300000000000001e-05
1290.0	1.2963	1.32e-05
1300.0	1.2961	1.32e-05
1310.0	1.2958	1.31e-05
1320.0	1.2956	1.32e-05
1330.0	1.2954	1.32e-05
1340.0	1.2952	1.34e-05
1350.0	1.295	1.39e-05
1360.0	1.2948	1.42e-05
1370.0	1.2945	1.4800000000000002e-05
1380.0	1.2943	1.58e-05
1390.0	1.2941	1.74e-05
1400.0	1.2938	1.98e-05
1410.0	1.2936	2.5e-05
1420.0	1.2933	5.4000000000000005e-05
1430.0	1.2930000000000001	0.00010400000000000001
1440.0	1.2927	0.00020299999999999997
1450.0	1.2925	0.000271
1460.0	1.2923	0.00035099999999999997
1470.0	1.2921	0.00043
1480.0	1.2919	0.000518
1490.0	1.2917	0.000586
1500.0	1.2915	0.00059
1520.0	1.2913	0.0005639999999999999
1530.0	1.2911	0.0005480000000000001
1540.0	1.2908	0.0005269999999999999
1560.0	1.2903	0.000439
1590.0	1.2896	0.00037
1610.0	1.2889	0.000337
1650.0	1.2878	0.000241
1680.0	1.2869	0.00018899999999999999
1700.0	1.2862	0.000166
1730.0	1.2852	0.000145
1760.0	1.2841	0.000128
1800.0	1.2826	0.000103
1830.0	1.2814	8.6e-05
1840.0	1.2809	8.22e-05
1850.0	1.2805	8.03e-05
1860.0	1.28	9.9e-05
1870.0	1.2795	0.00015
1890.0	1.2785	0.000295
1910.0	1.2777	0.000469
1920.0	1.2769	0.000762
1940.0	1.2761	0.00101
1960.0	1.2754	0.00131
1980.0	1.2747	0.0015400000000000001
2000.0	1.274	0.00159
2020.0	1.2733	0.0015400000000000001
2040.0	1.2724	0.00141
2060.0	1.2714	0.00124
2080.0	1.2703	0.00107
2110.0	1.2690000000000001	0.0008410000000000001
2130.0	1.2674	0.0005650000000000001
2150.0	1.2659	0.00043200000000000004
2170.0	1.2644	0.00035
2190.0	1.2628	0.00028700000000000004
2220.0	1.2604	0.000221
2240.0	1.2586	0.00020299999999999997
2250.0	1.2577	0.00020299999999999997
2260.0	1.2567	0.00021400000000000002
2270.0	1.2558	0.00023199999999999997
2290.0	1.2538	0.00028900000000000003
2310.0	1.2518	0.000381
2330.0	1.2497	0.000462
2350.0	1.2475	0.0005480000000000001
2370.0	1.2451	0.000618
2390.0	1.2427	0.0006799999999999999
2410.0	1.24	0.00073
2430.0	1.2373	0.000782
2460.0	1.2327	0.000848
2500.0	1.2258	0.000925
2520.0	1.222	0.0009199999999999999
2550.0	1.2155	0.000892
2570.0	1.2118	0.0008699999999999999
2580.0	1.2079	0.0008900000000000001
2590.0	1.2051	0.00093
2600.0	1.2021	0.00101
2620.0	1.1957	0.00135
2680.0	1.1741	0.0034200000000000003
2730.0	1.1473	0.00792
2780.0	1.1077	0.02
2820.0	1.0674	0.038
2830.0	1.0476	0.052
2850.0	1.0265	0.068
2870.0	1.0036	0.0923
2880.0	0.982	0.127
2900.0	0.965	0.16899999999999998
2920.0	0.9596	0.221
2930.0	0.9727	0.276
2950.0	0.9917	0.312
2970.0	1.0067	0.34700000000000003
2990.0	1.0219	0.38799999999999996
3000.0	1.0427	0.43799999999999994
3020.0	1.0759999999999998	0.493
3040.0	1.1295	0.5539999999999999
3060.0	1.2127	0.612
3080.0	1.3251	0.625
3100.0	1.426	0.593
3120.0	1.4966	0.539
3140.0	1.551	0.491
3160.0	1.5999	0.43799999999999994
3180.0	1.6363	0.37200000000000005
3200.0	1.6502	0.3
3220.0	1.6428	0.23800000000000002
3240.0	1.6269	0.193
3260.0	1.6128	0.158
3280.0	1.5924	0.121
3300.0	1.5733	0.10300000000000001
3320.0	1.5577	0.0836
3350.0	1.5413	0.0668
3370.0	1.5265	0.054
3390.0	1.5114	0.0422
3410.0	1.4973	0.0342
3440.0	1.4845	0.0274
3460.0	1.4721	0.022
3480.0	1.4612	0.0186
3510.0	1.4513	0.0152
3530.0	1.4421	0.0126
3560.0	1.4337	0.0106
3620.0	1.4155	0.008020000000000001
3730.0	1.3942	0.00685
3780.0	1.3873	0.0066
3850.0	1.3773	0.006959999999999999
3970.0	1.3645	0.00916
4100.0	1.3541	0.0111
#4240.0	1.3446	0.0145
#4350.0	1.3388	0.02
#4390.0	1.3381	0.023
#4440.0	1.3385	0.026
#4510.0	1.3405	0.029
#4550.0	1.3429	0.0293
#4560.0	1.3442	0.03
#4580.0	1.3463	0.0285
#4720.0	1.3442	0.0173
#4900.0	1.3345	0.0129
#5000.0	1.329	0.012
#5100.0	1.3233	0.0125
#5200.0	1.318	0.0134
#5260.0	1.3143	0.014
#5400.0	1.3062	0.0175
#5560.0	1.2972	0.024
#5710.0	1.2890000000000001	0.035
#5750.0	1.2873	0.038
#5780.0	1.286	0.042
#5810.0	1.2851	0.046
#5850.0	1.2854	0.052
#5880.0	1.2881	0.057
#6060.0	1.3016	0.069
#6140.0	1.3090000000000002	0.07
#6250.0	1.3172	0.067
#6290.0	1.3189	0.065
#6330.0	1.3204	0.064
#6370.0	1.3219999999999998	0.062
#6410.0	1.3224	0.059
#6450.0	1.3215	0.057
#6490.0	1.3204	0.056
#6580.0	1.3181	0.055
#6670.0	1.3171	0.057
#6760.0	1.3181	0.058
#6900.0	1.3195	0.057
#7040.0	1.3193	0.055
#7140.0	1.319	0.055
#7250.0	1.3191	0.054
#7350.0	1.318	0.052
#7460.0	1.3163	0.052
#7580.0	1.3154	0.052
#7690.0	1.3154	0.052
#7810.0	1.3155	0.05
#7940.0	1.3145	0.047
#8070.0	1.3119	0.043
#8200.0	1.3068	0.039
#8330.0	1.2993	0.037
#8480.0	1.2925	0.039
#8700.0	1.2839	0.04
#8930.0	1.274	0.042
#9090.0	1.2672	0.044
#9260.0	1.2599	0.045
#9520.0	1.2451	0.046
#9800.0	1.2224	0.047
#10000.0	1.1991	0.051
#10200.0	1.1715	0.065
#10300.0	1.1553	0.075
#10400.0	1.137	0.088
#10500.0	1.1181	0.10800000000000001
#10600.0	1.1013	0.134
#10800.0	1.0908	0.168
#10900.0	1.0873	0.204
#11000.0	1.0925	0.248
#11100.0	1.1065	0.28
#11400.0	1.1478	0.341
#11600.0	1.202	0.379
#11900.0	1.2582	0.409
#12200.0	1.3231	0.42200000000000004
#12500.0	1.3857	0.42200000000000004
#12800.0	1.4448	0.40299999999999997
#13000.0	1.4717	0.389
#13200.0	1.4962	0.374
#13300.0	1.5165	0.354
#13500.0	1.5333	0.335
#13700.0	1.5490000000000002	0.315
#13900.0	1.5628	0.294
#14100.0	1.5732	0.271
#14300.0	1.5803	0.24600000000000002
#14700.0	1.5792	0.198
#15200.0	1.5667	0.16399999999999998
#15400.0	1.5587	0.152
#15600.0	1.5508	0.142
#16100.000000000002	1.5381	0.128
#16400.0	1.5330000000000001	0.125
#16700.0	1.5322	0.12300000000000001
#17000.0	1.5334	0.11599999999999999
#17200.0	1.5329	0.107
#18200.0	1.517	0.079
#18900.0	1.501	0.072
#19200.0	1.4968	0.076
#19600.0	1.4993	0.075
#20000.0	1.5015	0.067
#20400.0	1.4986	0.055
#20800.0	1.4905	0.045
#22200.0	1.4607	0.029
#22600.0	1.4518	0.0275
#23100.0	1.4422	0.027
#23600.0	1.4316	0.0273
#24600.0	1.4138	0.0289
#25000.0	1.4068	0.03
#26000.0	1.3895	0.034
#28600.0	1.3489	0.053
#31000.0	1.3104	0.0755
#33300.0	1.2642	0.106
#34500.0	1.2366	0.135
#35600.0	1.2166	0.17600000000000002
#37000.0	1.2023	0.223
#38200.0	1.1964	0.275
#39600.0	1.1997	0.32799999999999996
#41100.0	1.2086	0.391
#42800.0	1.2217	0.46399999999999997
#43600.0	1.2417	0.525
#44600.0	1.2818	0.573
#45500.0	1.3278	0.636
#46200.0	1.3866	0.684
#46700.0	1.4649	0.7090000000000001
#47400.0	1.5532	0.679
#48000.0	1.6038	0.625
#48800.0	1.6188	0.565
#50000.0	1.6296	0.5429999999999999
#51300.0	1.6571	0.529
#52800.0	1.6981	0.507
#53500.0	1.7206	0.488
#54200.0	1.7486	0.47100000000000003
#55000.0	1.7674	0.42
#55700.0	1.7648	0.377
#56400.0	1.7501	0.33799999999999997
#57000.0	1.7233	0.306
#57500.0	1.6849	0.284
#58400.0	1.624	0.317
#59300.0	1.5959999999999999	0.35200000000000004
#60000.0	1.5851	0.39
#61000.0	1.5992	0.451
#61300.0	1.614	0.467
#62500.0	1.6662	0.478
#63800.0	1.7066	0.489
#64700.0	1.7371	0.49
#65600.0	1.7686	0.48700000000000004
#66600.0	1.8034	0.47700000000000004
#67600.0	1.8330000000000002	0.451
#69000.0	1.8568	0.419
#70500.0	1.8741	0.38799999999999996
#73000.0	1.8911	0.34299999999999997
#75000.0	1.8992	0.312
#76300.0	1.9043	0.294
#80000.0	1.9033	0.235
#83000.0	1.8874	0.198
#85000.0	1.875	0.187
#86800.0	1.867	0.177
#90800.0	1.8536	0.162
#95200.0	1.8425	0.149
#100000.0	1.8323	0.139
#120000.0	1.8191	0.12
#150000.0	1.8227	0.0962
#167000.0	1.8296	0.083
