263.0	1.48777	0.0133
321.0	1.49413	0.0127
440.0	1.49915	0.00767169
460.0	1.49948	0.00714722
500.0	1.5	0.00548876
600.0	1.49905	0.00168097
630.0	1.49813	0.00125609
700.0	1.4967	0.000936538
800.0	1.49532	0.00106115
900.0	1.4943600000000001	0.00133472
950.0	1.49391	0.00145313
1000.0	1.4936200000000002	0.00176538
1050.0	1.49335	0.00170186
1100.0	1.4929	0.00176022
1150.0	1.49252	0.00200774
1190.0	1.4922600000000001	0.00205819
1250.0	1.49183	0.00225311
1300.0	1.4915	0.00234871
1415.0	1.49066	0.00259263
1550.0	1.48942	0.00271742
1675.0	1.48821	0.00324627
1750.0	1.48748	0.00332823
1900.0	1.48583	0.00381539
1920.0	1.4856	0.00378706
2130.0	1.48271	0.00430956
2200.0	1.4815200000000002	0.00425189
2300.0	1.47929	0.00432431
2400.0	1.4765	0.00461725
2480.0	1.4736799999999999	0.00494658
2550.0	1.4703899999999999	0.00534756
2640.0	1.46354	0.00625749
2700.0	1.45458	0.00935042
2750.0	1.45018	0.0237158
2800.0	1.4549	0.0356865
2850.0	1.4621	0.0409125
2920.0	1.47231	0.0468066
2940.0	1.4767299999999999	0.0480125
3050.0	1.49033	0.0390127
3100.0	1.49318	0.0353293
3200.0	1.4954	0.0268185
3300.0	1.49445	0.0208511
3400.0	1.49165	0.015762799999999997
3500.0	1.48821	0.013446000000000001
3600.0	1.48485	0.011317299999999999
3700.0	1.48133	0.0105164
3800.0	1.47819	0.0102657
3900.0	1.4752	0.0102485
4000.0	1.47322	0.0110896
#4008.4999999999995	1.47306	0.0105546
#4017.9	1.47268	0.0105609
#4027.3	1.4723899999999999	0.0105567
#4036.7	1.47213	0.010565100000000001
#4046.1	1.47189	0.0105714
#4055.5000000000005	1.47165	0.0105756
#4064.8999999999996	1.47141	0.0105735
#4074.3	1.47118	0.0105735
#4083.7000000000003	1.47094	0.0105714
#4093.1	1.4707	0.010579799999999999
#4102.400000000001	1.4704700000000002	0.0105777
#4111.799999999999	1.47024	0.0105819
#4121.2	1.47001	0.010584
#4130.6	1.4697799999999999	0.010579799999999999
#4140.0	1.46954	0.0105714
#4149.4	1.4693	0.010579799999999999
#4158.8	1.46906	0.010579799999999999
#4168.2	1.46882	0.0105819
#4177.6	1.46859	0.010584
#4187.0	1.46835	0.0105882
#4196.4	1.46811	0.010586100000000001
#4205.7	1.46787	0.0105882
#4215.099999999999	1.46763	0.0105945
#4224.5	1.46739	0.0106029
#4233.900000000001	1.4671399999999999	0.0106113
#4243.299999999999	1.46691	0.0106134
#4252.7	1.46666	0.0106155
#4262.1	1.46642	0.0106176
#4271.5	1.46617	0.010628100000000001
#4280.9	1.4659200000000001	0.010638600000000002
#4290.3	1.4656799999999999	0.0106449
#4299.7	1.46543	0.0106449
#4309.1	1.46519	0.0106533
#4318.4	1.4649299999999998	0.0106554
#4327.8	1.46468	0.0106617
#4337.2	1.46443	0.010672200000000001
#4346.599999999999	1.46417	0.0106785
#4356.0	1.46392	0.010689
#4365.400000000001	1.46366	0.0107016
#4374.799999999999	1.4634	0.0107163
#4384.2	1.4631399999999999	0.010726799999999998
#4393.6	1.4628700000000001	0.0107499
#4403.000000000001	1.46261	0.010768799999999999
#4412.4	1.46236	0.010785600000000001
#4421.700000000001	1.4621	0.0107982
#4431.099999999999	1.46183	0.0108255
#4440.5	1.46157	0.0108381
#4449.900000000001	1.4613	0.010861200000000001
#4459.3	1.46104	0.0108843
#4468.7	1.4607700000000001	0.010909499999999999
#4478.1	1.4605	0.0109347
#4487.5	1.46023	0.010968299999999999
#4496.900000000001	1.45997	0.0109914
#4506.3	1.4597	0.0110145
#4515.7	1.4594200000000002	0.011048100000000002
#4525.0	1.45916	0.0110796
#4534.4	1.45889	0.011109
#4543.8	1.45861	0.0111447
#4553.200000000001	1.45834	0.011178299999999999
#4562.599999999999	1.45807	0.0112182
#4572.0	1.4578	0.011249700000000001
#4581.400000000001	1.4575200000000001	0.0112917
#4590.8	1.45725	0.011335799999999998
#4600.2	1.45698	0.011377799999999999
#4609.6	1.45671	0.011411399999999999
#4619.0	1.45643	0.0114555
#4628.4	1.4561600000000001	0.0114954
#4637.7	1.45589	0.011541599999999999
#4647.1	1.45561	0.0115857
#4656.5	1.4553399999999999	0.011634
#4665.9	1.45506	0.0116823
#4675.3	1.45479	0.0117264
#4684.700000000001	1.45452	0.0117705
#4694.099999999999	1.45424	0.0118167
#4703.5	1.4539600000000001	0.0118692
#4712.900000000001	1.45369	0.0119259
#4722.299999999999	1.45341	0.0119679
#4731.7	1.4531399999999999	0.012020399999999999
#4741.000000000001	1.45286	0.0120666
#4750.4	1.45258	0.012123299999999998
#4759.8	1.4523	0.0121737
#4769.2	1.45202	0.0122262
#4778.6	1.45174	0.012289200000000002
#4788.0	1.45147	0.0123417
#4797.4	1.45118	0.012392100000000001
#4806.8	1.4509	0.0124572
#4816.2	1.45062	0.0125118
#4825.599999999999	1.45034	0.0125685
#4835.0	1.4500600000000001	0.012625200000000001
#4844.400000000001	1.44977	0.012684
#4853.7	1.4494799999999999	0.0127491
#4863.1	1.4492	0.0128142
#4872.5	1.4489100000000001	0.0128814
#4881.9	1.4486299999999999	0.0129549
#4891.3	1.44835	0.0130221
#4900.7	1.44807	0.013101900000000001
#4910.1	1.4477799999999998	0.0131691
#4919.5	1.4475	0.013250999999999999
#4928.9	1.44721	0.013324500000000001
#4938.3	1.44694	0.0134085
#4947.7	1.44666	0.013488299999999998
#4957.0	1.44639	0.0135786
#4966.400000000001	1.44613	0.0136626
#4975.799999999999	1.44587	0.013746600000000001
#4985.2	1.44561	0.013843200000000002
#4994.6	1.44537	0.0139356
#5500.0	1.4293799999999999	0.016534599999999997
#6000.0	1.40913	0.0191058
#6500.0	1.38198	0.021677000000000002
# 7824.0	1.17985	0.0284856
# 7948.19	1.12229	0.0614971
# 8076.39	1.06653	0.112193
# 8208.789999999999	1.01661	0.193003
# 8345.599999999999	0.996763	0.312821
# 8487.05	1.03082	0.437154
# 8633.380000000001	1.1137299999999999	0.54137
# 8784.839999999998	1.1929	0.5589770000000001
# 8941.710000000001	1.25061	0.613097
# 9104.289999999999	1.34266	0.669412
# 9272.89	1.4540600000000001	0.675093
# 9447.85	1.54829	0.6431640000000001
# 9629.539999999999	1.6176	0.602982
# 9818.35	1.6897099999999998	0.575259
# 10014.699999999999	1.75403	0.497434
# 10219.099999999999	1.78472	0.42023999999999995
# 10432.0	1.7844	0.334673
# 10654.000000000002	1.76354	0.288798
# 10885.6	1.74442	0.254141
# 11127.5	1.73813	0.241711
# 11380.4	1.7528299999999999	0.211733
# 11645.0	1.7354599999999998	0.127199
# 11922.3	1.6761099999999998	0.0944686
# 12213.1	1.6225100000000001	0.093539
# 12518.4	1.5952600000000001	0.115853
# 12839.4	1.57132	0.101905
# 17883.4	1.40696	0.33831
# 18545.8	1.42059	0.447366
# 19259.1	1.4740799999999998	0.475476
# 20029.399999999998	1.50114	0.5035109999999999
# 20864.0	1.55694	0.57496
# 21771.100000000002	1.6373799999999998	0.575856
# 22760.7	1.6869	0.560312
# 23844.6	1.7377	0.575585
# 25036.8	1.8201200000000002	0.5650470000000001
# 25641.0	1.84305	0.507069
# 26315.8	1.8449799999999998	0.493778
# 27026.999999999996	1.84627	0.461421
# 27777.8	1.8323200000000002	0.449142
# 28571.4	1.8183599999999998	0.44996099999999994
# 29411.8	1.8117	0.46499799999999997
# 30303.0	1.81394	0.48343400000000003
# 31250.0	1.82123	0.502434
# 32258.1	1.8334599999999999	0.528071
# 33333.3	1.8539400000000001	0.557765
# 34482.799999999996	1.8889900000000002	0.596083
# 35714.3	1.9485700000000001	0.633739
# 37037.0	2.0359599999999998	0.6545989999999999
# 38461.5	2.13078	0.6284810000000001
# 40000.0	2.21889	0.5885130000000001
# 41666.7	2.30425	0.509242
# 43478.299999999996	2.34362	0.385193
# 45454.5	2.3330599999999997	0.282779
# 47619.0	2.29906	0.20748699999999998
# 50000.0	2.26167	0.156135
# 50617.2	2.2511900000000002	0.145583
# 52769.2	2.21747	0.12244100000000001
# 55012.799999999996	2.18995	0.10709300000000001
# 57351.700000000004	2.17274	0.09657460000000001
# 59790.100000000006	2.15013	0.08914580000000001
# 62332.1	2.14042	0.0837306
# 64982.200000000004	2.12888	0.0796302
# 67745.0	2.12262	0.0761077
# 70625.3	2.1122099999999997	0.07284439999999999
# 73628.0	2.10228	0.06962710000000001
# 76758.4	2.09993	0.0663216
# 80021.90000000001	2.0983	0.0628556
# 83424.09999999999	2.0993	0.0592049
# 86970.9	2.08507	0.0553825
# 90668.59999999999	2.0891900000000003	0.052240800000000004
# 94523.5	2.08676	0.048868
# 98542.3	2.08826	0.0457129
